SIZES
  nstack                1835008
  nbuffer               88064
  nplugin               0
  maxuse_stack          874
  maxuse_arena          45216
  maxuse_con            17
  maxuse_efc            68
  solver_iter           1
  solver_nnz            144
  nbodypair_broad       11
  nbodypair_narrow      5
  ngeompair_mid         21
  ngeompair_narrow      7
  ne                    0
  nf                    0
  nefc                  44
  nnzJ                  528
  ncon                  11

TIMER
    0:  duration =  0.13       number = 3
    1:  duration =  0.13       number = 3
    2:  duration =  0          number = 0
    3:  duration =  0.097      number = 3
    4:  duration =  0.0049     number = 3
    5:  duration =  0.0011     number = 3
    6:  duration =  0.0016     number = 3
    7:  duration =  0.022      number = 3
    8:  duration =  0.0051     number = 3
    9:  duration =  0.0029     number = 3
    10:  duration =  0.07       number = 3
    11:  duration =  0.018      number = 3
    12:  duration =  0.0002     number = 3

SOLVER STAT
  solver_iter = 1
  solver_nnz = 144
    0:  improvement =  0.013     gradient =  8.9e-16   lineslope =  0       
        nactive = 44   nchange = 0   neval = 2   nupdate = 0
solver_fwdinv =   0         0       

ENERGY =   0         0       

TIME =  1.5e+02 

QPOS
   0.018   
   0.00026 
   0.037   
   0.69    
   0.00051 
   0.72    
  -0.00049 
  -0.75    
  -0.85    
  -0.29    
   0.75    
   0.85    
   0.28    

QVEL
   4.1e-05 
  -5.3e-05 
   0.00075 
  -0.00011 
   0.0033  
   0.0014  
  -0.0047  
   0.0065  
  -0.00025 
   0.0044  
  -0.0052  
   0.00019 

QACC_WARMSTART
  -0.0042  
   0.061   
   0.095   
   0.13    
  -0.029   
  -1.6     
   0.46    
  -0.51    
  -0.031   
   0.38    
  -0.33    
  -0.04    

CTRL
   0       
   0       
   0       
   0       
   0       
   0       

QFRC_APPLIED
   0       
   0       
   0       
   0       
   0       
   0       
   0       
   0       
   0       
   0       
   0       
   0       

XFRC_APPLIED
   0         0         0         0         0         0       
   0         0         0         0         0         0       
   0         0         0         0         0         0       
   0         0         0         0         0         0       
   0         0         0         0         0         0       
   0         0         0         0         0         0       
   0         0         0         0         0         0       
   0         0         0         0         0         0       

QACC
  -0.0042  
   0.061   
   0.095   
   0.13    
  -0.029   
  -1.6     
   0.46    
  -0.51    
  -0.031   
   0.38    
  -0.33    
  -0.04    

XPOS
   0         0         0       
   0.018     0.00026   0.037   
   0.11      0.083     0.012   
   0.063     0.083     0.012   
   0.0068    0.14      0.02    
   0.11      0.054     0.012   
   0.063     0.054     0.012   
   0.0065   -0.0048    0.02    

XQUAT
   1         0         0         0       
   0.69      0.00051   0.72     -0.00049 
   0.64     -0.64      0.3       0.3     
  -0.055    -0.054     0.71     -0.7     
  -0.14      0.14      0.69      0.69    
   0.64      0.64      0.3      -0.3     
   0.055    -0.056    -0.7      -0.7     
   0.7       0.7       0.072    -0.073   

XMAT
   1         0         0         0         1         0         0         0         1       
  -0.047     0.0014    1         5.3e-05   1        -0.0014   -1        -1.3e-05  -0.047   
   0.64     -0.77      0.0014   -0.00092   0.0011    1        -0.77     -0.64     -1.3e-05 
  -0.99     -0.15     -0.0014    0.0014    0.00021  -1         0.15     -0.99      1.3e-05 
  -0.93      0.38      0.0014    0.0013   -0.00052   1         0.38      0.93     -1.3e-05 
   0.64      0.77     -0.0014   -0.00092  -0.0011   -1        -0.77      0.64      1.3e-05 
  -0.99      0.16      0.0014    0.0014   -0.00021   1         0.16      0.99     -1.3e-05 
   0.98      0.2      -0.0014   -0.0014   -0.00027  -1        -0.2       0.98      1.3e-05 

XIPOS
   0         0         0       
   0.13      0.069     0.012   
   0.088     0.081     0.012   
   0.053     0.11      0.014   
   0.0033    0.11      0.029   
   0.088     0.056     0.012   
   0.053     0.026     0.014   
   0.003     0.023     0.029   

XIMAT
   1         0         0         0         1         0         0         0         1       
  -0.11      0.99     -0.0023    0.00017  -0.0023   -1        -0.99     -0.11      8.7e-05 
   0.0014   -4.4e-06   1         1         1.3e-05  -0.0014   -1.3e-05   1         4.4e-06 
  -0.11      0.71      0.7       0.028     0.71     -0.71     -0.99     -0.055    -0.095   
  -0.99      0.0032    0.14     -0.049     0.93     -0.36     -0.14     -0.36     -0.92    
  -0.0014    6.1e-06  -1        -1         1.3e-05   0.0014    1.3e-05   1         6.1e-06 
   0.11      0.7       0.7       0.028    -0.71      0.71      0.99     -0.057    -0.096   
   0.99      0.0084    0.15     -0.052    -0.92      0.38      0.15     -0.38     -0.91    

XANCHOR
   0.018     0.00026   0.037   
   0.11      0.083     0.012   
   0.063     0.083     0.012   
   0.0068    0.14      0.02    
   0.11      0.054     0.012   
   0.063     0.054     0.012   
   0.0065   -0.0048    0.02    

XAXIS
   0         0         1       
   0.0014    1        -1.3e-05 
  -0.0014   -1         1.3e-05 
   0.0014    1        -1.3e-05 
  -0.0014   -1         1.3e-05 
   0.0014    1        -1.3e-05 
  -0.0014   -1         1.3e-05 

GEOM_XPOS
   0         0        -0.001   
   0.12      0.02      0.016   
   0.19      0.069     0.0052  
   0.15      0.069     0.011   
   0.12      0.12      0.016   
   0.12      0.03      0.011   
   0.12      0.11      0.011   
   0.088     0.081     0.012   
   0.054     0.11      0.013   
   0.046     0.12      0.018   
  -4.3e-05   0.12      0.029   
   0.0048    0.11      0.029   
   0.088     0.056     0.012   
   0.053     0.03      0.013   
   0.046     0.013     0.018   
  -0.00037   0.013     0.029   
   0.0045    0.026     0.029   

GEOM_XMAT
   1         0         0         0         1         0         0         0         1       
  -0.11      0.68     -0.72      0.14     -0.71     -0.69     -0.98     -0.17     -0.02    
  -0.047     1        -0.01      3.7e-05  -0.01     -1        -1        -0.047     0.00045 
   0.98     -0.22     -0.0014   -0.0014    0.00033  -1         0.22      0.98      1.3e-05 
  -0.11     -0.68     -0.72     -0.14     -0.71      0.69     -0.98      0.17     -0.02    
   0.047    -0.028     1        -6.9e-05  -1        -0.028     1         0.0012   -0.047   
  -0.047    -0.025     1         6.9e-05   1         0.025    -1         0.0012   -0.047   
   0.0014   -4.5e-06   1         1         1.3e-05  -0.0014   -1.3e-05   1         4.5e-06 
   0.15      0.027    -0.99     -0.00019   1         0.028     0.99     -0.0041    0.15    
   0.11      0.46     -0.88      0.12      0.87      0.47      0.99     -0.16      0.041   
  -0.98      0.13      0.14      0.13      0.99     -0.00055  -0.13      0.018    -0.99    
   0.99      0.0049   -0.14     -0.0014    1         0.026     0.14     -0.026     0.99    
   0.0014    6e-06     1         1         1.3e-05  -0.0014   -1.3e-05   1        -6e-06   
  -0.16      0.024    -0.99      0.00019  -1        -0.025    -0.99     -0.004     0.16    
   0.11     -0.46     -0.88     -0.12      0.87     -0.47      0.99      0.16      0.043   
   0.98     -0.13     -0.14      0.13      0.99     -0.00013   0.14     -0.019     0.99    
  -0.99      0.0024   -0.14      0.0014   -1        -0.026    -0.14     -0.026     0.99    

SUBTREE_COM
   0.063     0.069     0.019   
   0.063     0.069     0.019   
   0.03      0.11      0.021   
   0.028     0.11      0.022   
   0.0033    0.11      0.029   
   0.03      0.026     0.021   
   0.028     0.025     0.022   
   0.003     0.023     0.029   

CDOF
   0         0         0         1         0         0       
   0         0         0         0         1         0       
   0         0         0         0         0         1       
  -0.047     5.3e-05  -1         0.068    -0.046    -0.0032  
   0.0014    1        -1.3e-05  -0.019     2.6e-05  -0.045   
   1        -0.0014   -0.047     0.0033    0.017     0.068   
   0.0014    1        -1.3e-05   0.007    -9.3e-06   0.05    
  -0.0014   -1         1.3e-05  -0.007     9.9e-06   0.00047 
   0.0014    1        -1.3e-05  -0.0011    8.1e-07  -0.057   
  -0.0014   -1         1.3e-05  -0.007     9.3e-06  -0.049   
   0.0014    1        -1.3e-05   0.007    -9.9e-06  -0.00057 
  -0.0014   -1         1.3e-05   0.0012   -9.5e-07   0.057   

CINERT
   0         0         0         0         0         0         0         0         0         0       
   0.00037   0.0012    0.0015    9.9e-07   0.00011  -1.4e-07   0.014    -2e-05    -0.0013    0.2     
   2.1e-06   9.1e-06   9.5e-06  -2.5e-06   1.4e-06   7.1e-07   0.0002    0.0001   -5.8e-05   0.0082  
   0.00021   3.8e-05   0.00024   4.9e-05  -2.9e-06   1.8e-05  -0.0011    0.0044   -0.00045   0.1     
   0.00027   0.00041   0.00062   0.00029   7e-05    -5.2e-05  -0.0063    0.0048    0.0011    0.1     
   2.1e-06   9e-06     9.5e-06   2.5e-06   1.4e-06  -7.2e-07   0.0002   -0.0001   -5.8e-05   0.0082  
   0.00021   3.8e-05   0.00024  -5e-05    -2.9e-06  -1.8e-05  -0.0011   -0.0044   -0.00044   0.1     
   0.00026   0.00041   0.00062  -0.00029   7e-05     5.2e-05  -0.0063   -0.0048    0.0011    0.1     

ACTUATOR_LENGTH
   0.75    
  -0.75    
   0.85    
  -0.85    
   0.28    
  -0.29    

ACTUATOR_MOMENT
   0         0         0         0         0         0         0         0         0         1         0         0       
   0         0         0         0         0         0         1         0         0         0         0         0       
   0         0         0         0         0         0         0         0         0         0         1         0       
   0         0         0         0         0         0         0         1         0         0         0         0       
   0         0         0         0         0         0         0         0         0         0         0         1       
   0         0         0         0         0         0         0         0         1         0         0         0       

CRB
   0         0         0         0         0         0         0         0         0         0       
   0.0013    0.0021    0.0033   -2.9e-07   0.00024  -2.7e-07  -8.7e-19  -3.5e-18   1.3e-18   0.64    
   0.00048   0.00046   0.00087   0.00033   6.8e-05  -3.3e-05  -0.0072    0.0093    0.00063   0.22    
   0.00048   0.00045   0.00086   0.00034   6.7e-05  -3.4e-05  -0.0074    0.0092    0.00068   0.21    
   0.00027   0.00041   0.00062   0.00029   7e-05    -5.2e-05  -0.0063    0.0048    0.0011    0.1     
   0.00048   0.00046   0.00087  -0.00034   6.9e-05   3.3e-05  -0.0072   -0.0093    0.00063   0.22    
   0.00048   0.00045   0.00086  -0.00034   6.7e-05   3.4e-05  -0.0074   -0.0092    0.00069   0.21    
   0.00026   0.00041   0.00062  -0.00029   7e-05     5.2e-05  -0.0063   -0.0048    0.0011    0.1     

QM
   0.64      0         0         0.044    -0.012     0.0021    0.0021   -0.0021    0.001    -0.0021    0.0021   -0.001   
   0         0.64      0        -0.029     1.6e-05   0.011    -2.8e-06   2.9e-06  -1.4e-06   2.8e-06  -2.9e-06   1.4e-06 
   0         0         0.64     -0.0021   -0.029     0.044     0.018    -0.0073    0.00036  -0.018     0.0073   -0.00037 
   0.044    -0.029    -0.0021    0.0076   -0.00072  -0.00064   0.00015  -0.00021   0.00011  -2.8e-05   4.1e-05  -2.2e-05 
  -0.012     1.6e-05  -0.029    -0.00072   0.0036   -0.002    -2.8e-05  -8.4e-05   2e-05     2.6e-05   8.5e-05  -2e-05   
   0.0021    0.011     0.044    -0.00064  -0.002     0.0045    0.002    -0.00084   4.7e-05  -0.00043   0.00017  -8.8e-06 
   0.0021   -2.8e-06   0.018     0.00015  -2.8e-05   0.002     0.012    -0.00083   8e-05     0         0         0       
  -0.0021    2.9e-06  -0.0073   -0.00021  -8.4e-05  -0.00084  -0.00083   0.01     -6.2e-05   0         0         0       
   0.001    -1.4e-06   0.00036   0.00011   2e-05     4.7e-05   8e-05    -6.2e-05   0.01      0         0         0       
  -0.0021    2.8e-06  -0.018    -2.8e-05   2.6e-05  -0.00043   0         0         0         0.012    -0.00083   8e-05   
   0.0021   -2.9e-06   0.0073    4.1e-05   8.5e-05   0.00017   0         0         0        -0.00083   0.01     -6.2e-05 
  -0.001     1.4e-06  -0.00037  -2.2e-05  -2e-05    -8.8e-06   0         0         0         8e-05    -6.2e-05   0.01    

QLD
   0.31      0.27     -0.4       5.5      -4.3       0.36      0.17     -0.2       0.1      -0.17      0.2      -0.1     
   0.27      0.47     -0.51     -3.6       2         2.6      -0.00022   0.00028  -0.00014   0.00022  -0.00028   0.00014 
  -0.4      -0.51      0.16      0.05     -3.5       9.7       1.5      -0.69      0.036    -1.5       0.69     -0.037   
   5.5      -3.6       0.05      0.0071   -0.4      -0.17      0.011    -0.02      0.011    -0.0021    0.0039   -0.0022  
  -4.3       2        -3.5      -0.4       0.0026   -0.49     -0.003    -0.008     0.0019    0.0028    0.0081   -0.002   
   0.36      2.6       9.7      -0.17     -0.49      0.0041    0.17     -0.08      0.0047   -0.036     0.016    -0.00087 
   0.17     -0.00022   1.5       0.011    -0.003     0.17      0.012    -0.079     0.0079    0         0         0       
  -0.2       0.00028  -0.69     -0.02     -0.008    -0.08     -0.079     0.01     -0.0062    0         0         0       
   0.1      -0.00014   0.036     0.011     0.0019    0.0047    0.0079   -0.0062    0.01      0         0         0       
  -0.17      0.00022  -1.5      -0.0021    0.0028   -0.036     0         0         0         0.012    -0.079     0.008   
   0.2      -0.00028   0.69      0.0039    0.0081    0.016     0         0         0        -0.079     0.01     -0.0062  
  -0.1       0.00014  -0.037    -0.0022   -0.002    -0.00087   0         0         0         0.008    -0.0062    0.01    

QLDIAGINV
   3.2     
   2.1     
   6.2     
   1.4e+02 
   3.8e+02 
   2.5e+02 
   86      
   96      
   1e+02   
   86      
   96      
   1e+02   

QLDIAGSQRTINV
   1.8     
   1.5     
   2.5     
   12      
   19      
   16      
   9.3     
   9.8     
   10      
   9.3     
   9.8     
   10      

D_rownnz              12 12 12 12 12 12 9 9 9 9 9 9

D_rowadr              0 12 24 36 48 60 72 81 90 99 108 117

D_colind              0 1 2 3 4 5 6 7 8 9 10 11 0 1 2 3 4 5 6 7 8 9 10 11 0 1 2 3 4 5 6 7 8 9 10 11 0 1 2 3 4 5 6 7 8 9 10 11 0 1 2 3 4 5 6 7 8 9 10 11 0 1 2 3 4 5 6 7 8 9 10 11 0 1 2 3 4 5 6 7 8 0 1 2 3 4 5 6 7 8 0 1 2 3 4 5 6 7 8 0 1 2 3 4 5 9 10 11 0 1 2 3 4 5 9 10 11 0 1 2 3 4 5 9 10 11

B_rownnz              12 12 9 9 9 9 9 9

B_rowadr              0 12 24 33 42 51 60 69

B_colind              0 1 2 3 4 5 6 7 8 9 10 11 0 1 2 3 4 5 6 7 8 9 10 11 0 1 2 3 4 5 6 7 8 0 1 2 3 4 5 6 7 8 0 1 2 3 4 5 6 7 8 0 1 2 3 4 5 9 10 11 0 1 2 3 4 5 9 10 11 0 1 2 3 4 5 9 10 11

QDERIV
   0         0         0         0         0         0         0         0         0         0         0         0       
   0         0         0         0         0         0         0         0         0         0         0         0       
   0         0         0         0         0         0         0         0         0         0         0         0       
   0         0         0         0         0         0         0         0         0         0         0         0       
   0         0         0         0         0         0         0         0         0         0         0         0       
   0         0         0         0         0         0         0         0         0         0         0         0       
   0         0         0         0         0         0         0         0         0         0         0         0       
   0         0         0         0         0         0         0         0         0         0         0         0       
   0         0         0         0         0         0         0         0         0         0         0         0       
   0         0         0         0         0         0         0         0         0         0         0         0       
   0         0         0         0         0         0         0         0         0         0         0         0       
   0         0         0         0         0         0         0         0         0         0         0         0       

QLU
   0         0         0         0         0         0         0         0         0         0         0         0       
   0         0         0         0         0         0         0         0         0         0         0         0       
   0         0         0         0         0         0         0         0         0         0         0         0       
   0         0         0         0         0         0         0         0         0         0         0         0       
   0         0         0         0         0         0         0         0         0         0         0         0       
   0         0         0         0         0         0         0         0         0         0         0         0       
   0         0         0         0         0         0         0         0         0         0         0         0       
   0         0         0         0         0         0         0         0         0         0         0         0       
   0         0         0         0         0         0         0         0         0         0         0         0       
   0         0         0         0         0         0         0         0         0         0         0         0       
   0         0         0         0         0         0         0         0         0         0         0         0       
   0         0         0         0         0         0         0         0         0         0         0         0       

CONTACT
  0:
     dim           3
     geom          floor 3
     exclude       0
     efc_address   0
     solref         0.02      1       
     solimp         0.9       0.95      0.001     0.5       2       
     dist          -8.7e-05 
     includemargin  0       
     pos            0.17      0.074    -0.001   
     frame          0         0         1         0         1         0        -1         0         0       
     friction       1         1         0.1       0.1       0.1     
     mu             1       
  1:
     dim           3
     geom          floor 7
     exclude       0
     efc_address   4
     solref         0.02      1       
     solimp         0.9       0.95      0.001     0.5       2       
     dist          -9.1e-05 
     includemargin  0       
     pos            0.063     0.083    -0.001   
     frame          0         0         1         0         1         0        -1         0         0       
     friction       1         1         0.1       0.1       0.1     
     mu             1       
  2:
     dim           3
     geom          floor 10
     exclude       0
     efc_address   8
     solref         0.02      1       
     solimp         0.9       0.95      0.001     0.5       2       
     dist          -2e-05   
     includemargin  0       
     pos           -0.0044    0.14     -0.001   
     frame          0         0         1         0         1         0        -1         0         0       
     friction       1         1         0.1       0.1       0.1     
     mu             1       
  3:
     dim           3
     geom          floor 10
     exclude       0
     efc_address   12
     solref         0.02      1       
     solimp         0.9       0.95      0.001     0.5       2       
     dist          -2e-05   
     includemargin  0       
     pos           -0.0045    0.1      -0.001   
     frame          0         0         1         0         1         0        -1         0         0       
     friction       1         1         0.1       0.1       0.1     
     mu             1       
  4:
     dim           3
     geom          floor 11
     exclude       0
     efc_address   16
     solref         0.02      1       
     solimp         0.9       0.95      0.001     0.5       2       
     dist          -0.00012 
     includemargin  0       
     pos            0.007     0.13     -0.0011  
     frame          0         0         1         0         1         0        -1         0         0       
     friction       1         1         0.1       0.1       0.1     
     mu             1       
  5:
     dim           3
     geom          floor 12
     exclude       0
     efc_address   20
     solref         0.02      1       
     solimp         0.9       0.95      0.001     0.5       2       
     dist          -8.6e-05 
     includemargin  0       
     pos            0.11      0.058    -0.001   
     frame          0         0         1         0         1         0        -1         0         0       
     friction       1         1         0.1       0.1       0.1     
     mu             1       
  6:
     dim           3
     geom          floor 12
     exclude       0
     efc_address   24
     solref         0.02      1       
     solimp         0.9       0.95      0.001     0.5       2       
     dist          -8.6e-05 
     includemargin  0       
     pos            0.073     0.054    -0.001   
     frame          0         0         1         0         1         0        -1         0         0       
     friction       1         1         0.1       0.1       0.1     
     mu             1       
  7:
     dim           3
     geom          floor 12
     exclude       0
     efc_address   28
     solref         0.02      1       
     solimp         0.9       0.95      0.001     0.5       2       
     dist          -8.6e-05 
     includemargin  0       
     pos            0.091     0.058    -0.001   
     frame          0         0         1         0         1         0        -1         0         0       
     friction       1         1         0.1       0.1       0.1     
     mu             1       
  8:
     dim           3
     geom          floor 15
     exclude       0
     efc_address   32
     solref         0.02      1       
     solimp         0.9       0.95      0.001     0.5       2       
     dist          -2.3e-05 
     includemargin  0       
     pos           -0.0045    0.034    -0.001   
     frame          0         0         1         0         1         0        -1         0         0       
     friction       1         1         0.1       0.1       0.1     
     mu             1       
  9:
     dim           3
     geom          floor 15
     exclude       0
     efc_address   36
     solref         0.02      1       
     solimp         0.9       0.95      0.001     0.5       2       
     dist          -2.3e-05 
     includemargin  0       
     pos           -0.0045   -0.0048   -0.001   
     frame          0         0         1         0         1         0        -1         0         0       
     friction       1         1         0.1       0.1       0.1     
     mu             1       
  10:
     dim           3
     geom          floor 16
     exclude       0
     efc_address   40
     solref         0.02      1       
     solimp         0.9       0.95      0.001     0.5       2       
     dist          -0.00012 
     includemargin  0       
     pos            0.0069    0.011    -0.0011  
     frame          0         0         1         0         1         0        -1         0         0       
     friction       1         1         0.1       0.1       0.1     
     mu             1       

EFC_TYPE
  6
  6
  6
  6
  6
  6
  6
  6
  6
  6
  6
  6
  6
  6
  6
  6
  6
  6
  6
  6
  6
  6
  6
  6
  6
  6
  6
  6
  6
  6
  6
  6
  6
  6
  6
  6
  6
  6
  6
  6
  6
  6
  6
  6

EFC_ID
  0
  0
  0
  0
  1
  1
  1
  1
  2
  2
  2
  2
  3
  3
  3
  3
  4
  4
  4
  4
  5
  5
  5
  5
  6
  6
  6
  6
  7
  7
  7
  7
  8
  8
  8
  8
  9
  9
  9
  9
  10
  10
  10
  10

EFC_J
   0         1         1        -0.15     -0.15      0.1       0         0         0         0         0         0       
   0        -1         1         0.15     -0.15      0.042     0         0         0         0         0         0       
  -1         0         1        -0.077    -0.11      0.07      0         0         0         0         0         0       
   1         0         1         0.07     -0.19      0.077     0         0         0         0         0         0       
   0         1         1        -0.05     -0.045     0.12      0.05      0         0         0         0         0       
   0        -1         1         0.043    -0.045     0.047     0.05      0         0         0         0         0       
  -1         0         1        -0.087    -0.0063    0.079     0.063     0         0         0         0         0       
   1         0         1         0.079    -0.083     0.087     0.037     0         0         0         0         0       
   0         1         1         0.014     0.023     0.18      0.12     -0.067     0.011     0         0         0       
   0        -1         1        -0.028     0.023     0.1       0.12     -0.067     0.011     0         0         0       
  -1         0         1        -0.15      0.061     0.14      0.13     -0.08      0.032     0         0         0       
   1         0         1         0.14     -0.015     0.15      0.1      -0.055    -0.0094    0         0         0       
   0         1         1         0.016     0.023     0.14      0.12     -0.067     0.011     0         0         0       
   0        -1         1        -0.026     0.023     0.064     0.12     -0.067     0.011     0         0         0       
  -1         0         1        -0.11      0.061     0.098     0.13     -0.08      0.032     0         0         0       
   1         0         1         0.098    -0.015     0.11      0.1      -0.055    -0.0094    0         0         0       
   0         1         1         0.0035    0.011     0.16      0.11     -0.056    -0.0002    0         0         0       
   0        -1         1        -0.015     0.011     0.087     0.11     -0.056    -0.00026   0         0         0       
  -1         0         1        -0.13      0.05      0.12      0.12     -0.069     0.02      0         0         0       
   1         0         1         0.12     -0.027     0.13      0.093    -0.043    -0.021     0         0         0       
   0         1         1        -0.099    -0.094     0.092     0         0         0        -1.8e-05   0         0       
   0        -1         1         0.094    -0.095     0.024     0         0         0         1.8e-05   0         0       
  -1         0         1        -0.061    -0.056     0.055     0         0         0        -0.013     0         0       
   1         0         1         0.055    -0.13      0.061     0         0         0         0.013     0         0       
   0         1         1        -0.059    -0.055     0.09      0         0         0        -0.039     0         0       
   0        -1         1         0.054    -0.055     0.018     0         0         0        -0.039     0         0       
  -1         0         1        -0.056    -0.017     0.051     0         0         0        -0.052     0         0       
   1         0         1         0.051    -0.093     0.057     0         0         0        -0.027     0         0       
   0         1         1        -0.077    -0.073     0.093     0         0         0        -0.022     0         0       
   0        -1         1         0.072    -0.073     0.023     0         0         0        -0.022     0         0       
  -1         0         1        -0.061    -0.034     0.055     0         0         0        -0.034     0         0       
   1         0         1         0.055    -0.11      0.061     0         0         0        -0.0093    0         0       
   0         1         1         0.019     0.023     0.073     0         0         0        -0.12      0.067    -0.011   
   0        -1         1        -0.023     0.023    -0.0054    0         0         0        -0.12      0.067    -0.011   
  -1         0         1        -0.035     0.061     0.032     0         0         0        -0.13      0.08     -0.032   
   1         0         1         0.032    -0.015     0.036     0         0         0        -0.1       0.055     0.0097  
   0         1         1         0.021     0.023     0.034     0         0         0        -0.12      0.067    -0.011   
   0        -1         1        -0.021     0.023    -0.044     0         0         0        -0.12      0.067    -0.011   
  -1         0         1         0.0053    0.061    -0.0049    0         0         0        -0.13      0.08     -0.032   
   1         0         1        -0.0048   -0.015    -0.0053    0         0         0        -0.1       0.055     0.0097  
   0         1         1         0.009     0.011     0.05      0         0         0        -0.11      0.056     0.00041 
   0        -1         1        -0.01      0.011    -0.028     0         0         0        -0.11      0.056     0.00047 
  -1         0         1        -0.011     0.05      0.01      0         0         0        -0.12      0.068    -0.02    
   1         0         1         0.01     -0.027     0.011     0         0         0        -0.093     0.043     0.021   

EFC_POS
  -8.7e-05 
  -8.7e-05 
  -8.7e-05 
  -8.7e-05 
  -9.1e-05 
  -9.1e-05 
  -9.1e-05 
  -9.1e-05 
  -2e-05   
  -2e-05   
  -2e-05   
  -2e-05   
  -2e-05   
  -2e-05   
  -2e-05   
  -2e-05   
  -0.00012 
  -0.00012 
  -0.00012 
  -0.00012 
  -8.6e-05 
  -8.6e-05 
  -8.6e-05 
  -8.6e-05 
  -8.6e-05 
  -8.6e-05 
  -8.6e-05 
  -8.6e-05 
  -8.6e-05 
  -8.6e-05 
  -8.6e-05 
  -8.6e-05 
  -2.3e-05 
  -2.3e-05 
  -2.3e-05 
  -2.3e-05 
  -2.3e-05 
  -2.3e-05 
  -2.3e-05 
  -2.3e-05 
  -0.00012 
  -0.00012 
  -0.00012 
  -0.00012 

EFC_MARGIN
   0       
   0       
   0       
   0       
   0       
   0       
   0       
   0       
   0       
   0       
   0       
   0       
   0       
   0       
   0       
   0       
   0       
   0       
   0       
   0       
   0       
   0       
   0       
   0       
   0       
   0       
   0       
   0       
   0       
   0       
   0       
   0       
   0       
   0       
   0       
   0       
   0       
   0       
   0       
   0       
   0       
   0       
   0       
   0       

EFC_FRICTIONLOSS
   0       
   0       
   0       
   0       
   0       
   0       
   0       
   0       
   0       
   0       
   0       
   0       
   0       
   0       
   0       
   0       
   0       
   0       
   0       
   0       
   0       
   0       
   0       
   0       
   0       
   0       
   0       
   0       
   0       
   0       
   0       
   0       
   0       
   0       
   0       
   0       
   0       
   0       
   0       
   0       
   0       
   0       
   0       
   0       

EFC_DIAGAPPROX
   11      
   11      
   11      
   11      
   7.2     
   7.2     
   7.2     
   7.2     
   13      
   13      
   13      
   13      
   13      
   13      
   13      
   13      
   13      
   13      
   13      
   13      
   7.2     
   7.2     
   7.2     
   7.2     
   7.2     
   7.2     
   7.2     
   7.2     
   7.2     
   7.2     
   7.2     
   7.2     
   13      
   13      
   13      
   13      
   13      
   13      
   13      
   13      
   13      
   13      
   13      
   13      

EFC_KBIP
   2.8e+03   1.1e+02   0.9      -17      
   2.8e+03   1.1e+02   0.9      -17      
   2.8e+03   1.1e+02   0.9      -17      
   2.8e+03   1.1e+02   0.9      -17      
   2.8e+03   1.1e+02   0.9      -18      
   2.8e+03   1.1e+02   0.9      -18      
   2.8e+03   1.1e+02   0.9      -18      
   2.8e+03   1.1e+02   0.9      -18      
   2.8e+03   1.1e+02   0.9      -4       
   2.8e+03   1.1e+02   0.9      -4       
   2.8e+03   1.1e+02   0.9      -4       
   2.8e+03   1.1e+02   0.9      -4       
   2.8e+03   1.1e+02   0.9      -3.9     
   2.8e+03   1.1e+02   0.9      -3.9     
   2.8e+03   1.1e+02   0.9      -3.9     
   2.8e+03   1.1e+02   0.9      -3.9     
   2.8e+03   1.1e+02   0.9      -25      
   2.8e+03   1.1e+02   0.9      -25      
   2.8e+03   1.1e+02   0.9      -25      
   2.8e+03   1.1e+02   0.9      -25      
   2.8e+03   1.1e+02   0.9      -17      
   2.8e+03   1.1e+02   0.9      -17      
   2.8e+03   1.1e+02   0.9      -17      
   2.8e+03   1.1e+02   0.9      -17      
   2.8e+03   1.1e+02   0.9      -17      
   2.8e+03   1.1e+02   0.9      -17      
   2.8e+03   1.1e+02   0.9      -17      
   2.8e+03   1.1e+02   0.9      -17      
   2.8e+03   1.1e+02   0.9      -17      
   2.8e+03   1.1e+02   0.9      -17      
   2.8e+03   1.1e+02   0.9      -17      
   2.8e+03   1.1e+02   0.9      -17      
   2.8e+03   1.1e+02   0.9      -4.6     
   2.8e+03   1.1e+02   0.9      -4.6     
   2.8e+03   1.1e+02   0.9      -4.6     
   2.8e+03   1.1e+02   0.9      -4.6     
   2.8e+03   1.1e+02   0.9      -4.5     
   2.8e+03   1.1e+02   0.9      -4.5     
   2.8e+03   1.1e+02   0.9      -4.5     
   2.8e+03   1.1e+02   0.9      -4.5     
   2.8e+03   1.1e+02   0.9      -24      
   2.8e+03   1.1e+02   0.9      -24      
   2.8e+03   1.1e+02   0.9      -24      
   2.8e+03   1.1e+02   0.9      -24      

EFC_D
   0.8     
   0.8     
   0.8     
   0.8     
   1.3     
   1.3     
   1.3     
   1.3     
   0.67    
   0.67    
   0.67    
   0.67    
   0.67    
   0.67    
   0.67    
   0.67    
   0.69    
   0.69    
   0.69    
   0.69    
   1.3     
   1.3     
   1.3     
   1.3     
   1.3     
   1.3     
   1.3     
   1.3     
   1.3     
   1.3     
   1.3     
   1.3     
   0.67    
   0.67    
   0.67    
   0.67    
   0.67    
   0.67    
   0.67    
   0.67    
   0.68    
   0.68    
   0.68    
   0.68    

EFC_R
   1.2     
   1.2     
   1.2     
   1.2     
   0.79    
   0.79    
   0.79    
   0.79    
   1.5     
   1.5     
   1.5     
   1.5     
   1.5     
   1.5     
   1.5     
   1.5     
   1.5     
   1.5     
   1.5     
   1.5     
   0.79    
   0.79    
   0.79    
   0.79    
   0.79    
   0.79    
   0.79    
   0.79    
   0.79    
   0.79    
   0.79    
   0.79    
   1.5     
   1.5     
   1.5     
   1.5     
   1.5     
   1.5     
   1.5     
   1.5     
   1.5     
   1.5     
   1.5     
   1.5     

ACTUATOR_VELOCITY
   0.0037  
  -0.0055  
  -0.0046  
   0.0073  
   0.00025 
  -0.0002  

CVEL
   0         0         0         0         0         0       
   0.0043    0.0034    0.00019  -2.5e-05  -8.4e-05   0.00071 
   0.0043   -0.0021    0.00019  -6.4e-05  -8.4e-05   0.00044 
   0.0042   -0.0094    0.00019  -0.00011  -8.4e-05   0.00044 
   0.0042   -0.0096    0.00019  -0.00011  -8.4e-05   0.00045 
   0.0043   -0.00034   0.00019  -5.1e-05  -8.4e-05   0.00053 
   0.0043   -0.005     0.00019  -8.3e-05  -8.4e-05   0.00053 
   0.0043   -0.0052    0.00019  -8.3e-05  -8.4e-05   0.00055 

CDOF_DOT
   0         0         0         0         0         0       
   0         0         0         0         0         0       
   0         0         0         0         0         0       
  -0         0         0         0.00017   2.4e-05  -8.1e-06 
  -0         0         0        -0.00057   8.1e-07   5.1e-05 
   0         0        -0         8.9e-06   0.00057   0.00017 
  -0.00019   3.2e-07   0.0043   -0.00054  -0.00021  -4.8e-05 
   0.00019  -3.2e-07  -0.0043    0.00044  -3.9e-06   4.8e-05 
  -0.00019   3.2e-07   0.0043    9.4e-05   0.00024  -0.00013 
   0.00019  -3.2e-07  -0.0043    0.00054   0.00021   4.8e-05 
  -0.00019   3.2e-07   0.0043   -0.00053   4.5e-06  -4.8e-05 
   0.00019  -3.2e-07  -0.0043    0.00025  -0.00024   8.9e-05 

QFRC_BIAS
   7.6e-07 
   1.7e-06 
   6.3     
  -0.02    
  -0.28    
   0.43    
   0.18    
  -0.071   
   0.0035  
  -0.18    
   0.071   
  -0.0036  

QFRC_PASSIVE
   0       
   0       
   0       
   0       
   0       
   0       
   0.0055  
  -0.0073  
   0.0002  
  -0.0037  
   0.0046  
  -0.00025 

EFC_VEL
   0.0004  
   0.00037 
   0.00048 
   0.00029 
   0.0005  
   0.0005  
   0.00052 
   0.00047 
   9.8e-05 
   0.00013 
   5.2e-05 
   0.00017 
  -6.8e-05 
  -4.1e-05 
  -0.00012 
   1.3e-05 
   0.00014 
   0.00017 
   9.1e-05 
   0.00022 
   0.00051 
   0.00049 
   0.00054 
   0.00046 
   0.00047 
   0.00047 
   0.00051 
   0.00043 
   0.0005  
   0.00049 
   0.00054 
   0.00045 
   3.1e-05 
   5.8e-05 
   1.9e-05 
   7e-05   
  -0.00014 
  -0.00011 
  -0.00015 
  -8.9e-05 
  -5.5e-06 
   1.6e-05 
  -2.4e-05 
   3.5e-05 

EFC_AREF
   0.17    
   0.18    
   0.17    
   0.19    
   0.18    
   0.18    
   0.17    
   0.18    
   0.04    
   0.037   
   0.045   
   0.032   
   0.056   
   0.053   
   0.062   
   0.047   
   0.29    
   0.29    
   0.3     
   0.29    
   0.16    
   0.16    
   0.16    
   0.17    
   0.16    
   0.16    
   0.16    
   0.17    
   0.16    
   0.16    
   0.16    
   0.17    
   0.054   
   0.051   
   0.055   
   0.05    
   0.07    
   0.068   
   0.072   
   0.066   
   0.3     
   0.3     
   0.3     
   0.29    

SUBTREE_LINVEL
   0         0         0       
   0         0         0       
   0         0         0       
   0         0         0       
   0         0         0       
   0         0         0       
   0         0         0       
   0         0         0       

SUBTREE_ANGMOM
   0         0         0       
   0         0         0       
   0         0         0       
   0         0         0       
   0         0         0       
   0         0         0       
   0         0         0       
   0         0         0       

ACTUATOR_FORCE
   0       
   0       
   0       
   0       
   0       
   0       

QFRC_ACTUATOR
   0       
   0       
   0       
   0       
   0       
   0       
   0       
   0       
   0       
   0       
   0       
   0       

QFRC_SMOOTH
  -7.6e-07 
  -1.7e-06 
  -6.3     
   0.02    
   0.28    
  -0.43    
  -0.17    
   0.064   
  -0.0033  
   0.17    
  -0.067   
   0.0034  

QACC_SMOOTH
  -0.017   
   0.002   
  -9.9     
  -0.017   
  -0.6     
  -0.16    
   0.53    
  -0.72    
   0.017   
  -0.38    
   0.46    
  -0.024   

EFC_B
  -10      
  -10      
  -10      
  -10      
  -10      
  -10      
  -10      
  -10      
  -9.8     
  -9.8     
  -9.8     
  -9.8     
  -9.8     
  -9.8     
  -9.8     
  -9.8     
  -10      
  -10      
  -10      
  -10      
  -10      
  -10      
  -10      
  -10      
  -10      
  -10      
  -10      
  -10      
  -10      
  -10      
  -10      
  -10      
  -9.9     
  -9.9     
  -9.9     
  -9.9     
  -9.9     
  -9.9     
  -9.9     
  -9.9     
  -10      
  -10      
  -10      
  -10      

EFC_FORCE
   0.16    
   0.15    
   0.15    
   0.16    
   0.24    
   0.23    
   0.23    
   0.24    
   0.052   
   0.054   
   0.052   
   0.053   
   0.022   
   0.024   
   0.021   
   0.024   
   0.22    
   0.22    
   0.22    
   0.22    
   0.2     
   0.19    
   0.2     
   0.2     
   0.21    
   0.21    
   0.21    
   0.21    
   0.21    
   0.2     
   0.21    
   0.21    
   0.052   
   0.054   
   0.059   
   0.047   
   0.022   
   0.024   
   0.028   
   0.017   
   0.19    
   0.19    
   0.2     
   0.18    

EFC_STATE
  1
  1
  1
  1
  1
  1
  1
  1
  1
  1
  1
  1
  1
  1
  1
  1
  1
  1
  1
  1
  1
  1
  1
  1
  1
  1
  1
  1
  1
  1
  1
  1
  1
  1
  1
  1
  1
  1
  1
  1
  1
  1
  1
  1

QFRC_CONSTRAINT
   0.0005  
   0.019   
   6.2     
  -0.02    
  -0.28    
   0.43    
   0.17    
  -0.069   
   0.0031  
  -0.17    
   0.063   
  -0.0037  

QFRC_INVERSE
   0       
   0       
   0       
   0       
   0       
   0       
   0       
   0       
   0       
   0       
   0       
   0       

CACC
   0         0         0         0         0         0       
   0         0         0         0         0         0       
   0         0         0         0         0         0       
   0         0         0         0         0         0       
   0         0         0         0         0         0       
   0         0         0         0         0         0       
   0         0         0         0         0         0       
   0         0         0         0         0         0       

CFRC_INT
   0         0         0         0         0         0       
   0         0         0         0         0         0       
   0         0         0         0         0         0       
   0         0         0         0         0         0       
   0         0         0         0         0         0       
   0         0         0         0         0         0       
   0         0         0         0         0         0       
   0         0         0         0         0         0       

CFRC_EXT
   0         0         0         0         0         0       
   0         0         0         0         0         0       
   0         0         0         0         0         0       
   0         0         0         0         0         0       
   0         0         0         0         0         0       
   0         0         0         0         0         0       
   0         0         0         0         0         0       
   0         0         0         0         0         0       

